PLN
K
1
N
5
M
2
DistanceMeasure
4.302376e-05 8.388752e-04 8.777294e-04 8.336742e-04 9.403112e-04 
InputMeans
1.780606e+01 8.313936e-02 9.510522e-02 7.474776e-02 4.625768e-02 
InputStd
7.650626e+00 3.923810e-01 3.750116e-01 3.948290e-01 3.500530e-01 
ClusterIndex
0
Nv
165
CenterVector
1.560577e-01 -1.465371e-01 -1.981728e-01 -1.243748e-01 -9.995128e-02 
R
1.650000e+02 7.016610e-14 -2.753353e-14 -3.330669e-14 -2.220446e-15 2.442491e-15 
7.016610e-14 1.650000e+02 -1.643621e+02 -1.364894e+02 -1.554131e+02 -1.229489e+02 
-2.753353e-14 -1.643621e+02 1.650000e+02 1.358602e+02 1.547320e+02 1.240198e+02 
-3.330669e-14 -1.364894e+02 1.358602e+02 1.650000e+02 1.276689e+02 1.082765e+02 
-2.220446e-15 -1.554131e+02 1.547320e+02 1.276689e+02 1.650000e+02 1.172078e+02 
2.442491e-15 -1.229489e+02 1.240198e+02 1.082765e+02 1.172078e+02 1.650000e+02 
C
7.600000e+02 6.194779e+00 -4.546650e+00 -1.066016e+01 -1.916767e+00 -2.250342e-01 
2.661022e+03 1.030930e+03 -1.024175e+03 -9.176656e+02 -9.718318e+02 -8.258994e+02 
W
4.606061e+00 4.146146e-01 2.946041e-01 -1.169085e-01 1.538954e-01 5.301719e-02 
1.612741e+01 3.613077e+00 -7.653371e-01 -1.220070e+00 -3.248128e-01 -6.995695e-01 
Et
4.302000e+03 5.293187e+04 
lambda
1.000000e-02
EOF
