PLN
K
3
N
5
M
2
DistanceMeasure
8.050319e-05 2.143113e-03 1.548235e-03 9.805660e-04 1.519148e-03 
InputMeans
2.148485e+01 1.456878e-01 4.297260e-01 7.090909e-01 7.717172e-01 
InputStd
8.588651e+00 3.226212e-01 4.465820e-01 7.051171e-01 4.551328e-01 
ClusterIndex
0
Nv
43
CenterVector
7.300898e-01 -8.626564e-01 1.175588e-01 4.125685e-01 5.015742e-01 
R
4.300000e+01 3.075588e+01 -4.039972e+01 9.272252e+00 3.558403e+00 -9.192543e+00 
3.075588e+01 5.892699e+01 -4.460184e+01 6.914396e+00 -6.655781e+00 6.247785e+00 
-4.039972e+01 -4.460184e+01 6.148715e+01 -1.203972e+01 1.909830e+00 9.517821e+00 
9.272252e+00 6.914396e+00 -1.203972e+01 8.593051e+00 -9.770229e-01 -7.921045e+00 
3.558403e+00 -6.655781e+00 1.909830e+00 -9.770229e-01 3.584309e+01 -6.751182e+00 
-9.192543e+00 6.247785e+00 9.517821e+00 -7.921045e+00 -6.751182e+00 5.827356e+01 
C
2.380000e+02 1.955611e+02 -2.219222e+02 5.397922e+01 3.011750e+01 -6.518672e+01 
8.930000e+02 7.422621e+02 -8.506731e+02 2.124440e+02 9.329205e+01 -1.475244e+02 
W
5.204770e+00 1.209207e+00 7.868511e-01 3.496209e-01 4.089940e-01 -4.455885e-01 
1.922040e+01 3.588825e+00 1.913868e+00 3.506777e+00 1.358647e+00 4.226347e-01 
Et
1.462000e+03 2.083900e+04 
lambda
4.640000e-02
ClusterIndex
1
Nv
74
CenterVector
-2.207768e-01 1.760440e-01 1.235221e+00 4.125685e-01 5.015742e-01 
R
7.400000e+01 -4.423032e+01 4.669645e+01 4.864530e+01 -3.506832e+00 1.514486e+01 
-4.423032e+01 6.467805e+01 -6.067049e+01 -2.476660e+01 -4.437551e+00 -1.395200e+01 
4.669645e+01 -6.067049e+01 6.843036e+01 2.318238e+01 2.511873e+00 2.164368e+01 
4.864530e+01 -2.476660e+01 2.318238e+01 7.065107e+01 -1.013721e+00 6.025793e+00 
-3.506832e+00 -4.437551e+00 2.511873e+00 -1.013721e+00 8.105319e+01 -2.514304e+00 
1.514486e+01 -1.395200e+01 2.164368e+01 6.025793e+00 -2.514304e+00 4.592380e+01 
C
3.160000e+02 -1.712972e+02 1.834766e+02 2.156421e+02 -2.279441e+01 5.889269e+01 
1.009000e+03 -3.938002e+02 4.556460e+02 7.002970e+02 -1.197996e+02 1.574716e+02 
W
4.430156e+00 4.438165e-01 2.715165e-02 1.544988e-01 -6.666051e-02 -8.047065e-02 
1.660756e+01 5.577964e+00 3.544927e-01 3.600683e-01 -4.790141e-01 -5.938179e-01 
Et
1.752000e+03 1.751700e+04 
lambda
0.000000e+00
ClusterIndex
2
Nv
48
CenterVector
1.049665e+00 -9.880567e-01 -9.468984e-01 4.125683e-01 5.015742e-01 
R
4.800000e+01 1.347444e+01 -6.296738e+00 -5.791755e+01 -5.157106e-02 -5.952314e+00 
1.347444e+01 4.139496e+01 -3.374255e+01 -1.102487e+01 1.790851e+01 -1.218269e+01 
-6.296738e+00 -3.374255e+01 3.508249e+01 2.520866e+00 -1.865463e+01 5.250093e+00 
-5.791755e+01 -1.102487e+01 2.520866e+00 8.575588e+01 -8.576915e-01 3.983605e+00 
-5.157106e-02 1.790851e+01 -1.865463e+01 -8.576915e-01 4.810372e+01 4.967022e-02 
-5.952314e+00 -1.218269e+01 5.250093e+00 3.983605e+00 4.967022e-02 6.080265e+01 
C
2.550000e+02 9.435285e+01 -4.588697e+01 -2.996496e+02 1.727631e+01 -5.812487e+01 
1.016000e+03 5.484440e+02 -3.479294e+02 -1.185152e+03 1.638928e+02 -1.971540e+02 
W
5.394954e+00 2.800392e-01 3.773811e-02 1.582064e-01 1.902831e-01 -2.821063e-01 
2.055800e+01 3.098242e+00 -1.602062e+00 4.271162e-01 1.136129e+00 -3.657532e-01 
Et
1.607000e+03 2.454600e+04 
lambda
4.642000e-01
EOF
